0 0 445.1001103816371
0 1 385.02719843059407
0 10 429.53367878181416
0 101 360.0
0 11 428.4011605910029
0 12 449.04107083805746
0 13 422.0963371459696
0 14 422.6949354657688
0 15 425.09794871794867
0 16 474.9611111111111
0 17 398.2025966183575
0 18 503.8888888888889
0 19 411.6515070921985
0 2 443.40001771757943
0 20 400.14516129032256
0 21 389.46309523809526
0 22 439.53333333333336
0 23 321.2878787878788
0 24 474.8157894736842
0 25 442.352
0 26 452.68518518518516
0 27 413.8
0 28 482.4
0 29 420.6
0 3 417.1669398692366
0 30 570.25
0 31 339.4166666666667
0 32 499.0
0 33 371.8888888888889
0 34 244.66666666666666
0 35 281.375
0 36 381.8181818181818
0 37 374.4761904761904
0 38 312.6666666666667
0 39 444.5
0 4 490.7315858771925
0 40 275.0
0 41 349.6666666666667
0 42 375.2
0 43 446.25
0 44 410.375
0 45 513.0
0 46 301.5
0 47 721.0
0 48 302.0
0 49 327.0
0 5 323.1216897678218
0 50 691.0
0 53 461.0
0 54 348.0
0 55 268.0
0 56 260.0
0 59 308.0
0 6 624.2370315588423
0 60 297.0
0 65 371.6666666666667
0 66 314.3333333333333
0 67 422.0
0 7 498.84493277243575
0 73 474.0
0 74 221.0
0 8 419.9456895083353
0 83 565.0
0 87 219.0
0 9 456.04761512540944
0 90 310.0
1 1 468.45858190918244
1 10 469.63531157042337
1 109 400.0
1 11 431.7866135787437
1 12 415.4709121146191
1 13 428.36459133873456
1 14 397.64527381283
1 147 260.0
1 15 452.8237961185694
1 16 466.58275252525254
1 17 404.7406609195403
1 18 441.15854119425546
1 19 426.8414663461538
1 2 454.97190344231393
1 20 441.9023255813954
1 21 485.2647058823529
1 22 406.963768115942
1 23 496.86666666666673
1 24 417.2375
1 249 429.0
1 25 397.40765765765764
1 26 478.60185185185185
1 27 466.1029411764706
1 28 485.84615384615387
1 29 356.4375
1 3 475.8339678462161
1 30 579.0833333333334
1 31 406.5
1 32 446.06666666666666
1 33 361.037037037037
1 34 445.3478260869565
1 35 366.22222222222223
1 36 430.5
1 37 506.7142857142857
1 38 543.7777777777778
1 39 310.9
1 4 434.7096377677653
1 40 440.0
1 41 525.859375
1 42 467.1818181818182
1 43 506.0
1 44 343.42857142857144
1 45 377.0
1 46 460.4
1 47 386.0
1 48 361.25
1 5 469.95327256242336
1 50 394.5
1 51 569.8
1 53 416.0
1 54 240.0
1 55 260.5
1 56 422.0
1 59 462.0
1 6 489.0213271490013
1 60 542.75
1 61 564.0
1 62 334.0
1 63 326.0
1 65 398.0
1 66 341.375
1 67 357.0
1 68 592.0
1 7 405.65877163441246
1 72 216.0
1 73 713.0
1 75 645.3333333333334
1 8 434.94792634572644
1 82 537.0
1 83 292.0
1 88 493.5
1 9 450.7973780549278
1 90 277.0
1 97 514.0
1 98 418.0
10 10 582.3871252871741
10 101 206.0
10 103 542.0
10 105 504.5
10 11 590.7792215755883
10 111 277.0
10 115 472.0
10 119 439.0
10 12 601.5166446005197
10 121 314.0
10 122 521.0
10 123 877.0
10 13 550.7969705637436
10 14 565.5249351851852
10 148 748.0
10 15 503.68665439851503
10 16 501.9831922743055
10 162 291.0
10 17 489.7828282828283
10 18 517.6075498575499
10 19 551.3583333333333
10 20 493.2592592592593
10 201 245.0
10 21 575.4658119658119
10 218 456.0
10 22 559.3698979591836
10 23 587.125
10 24 592.8809523809524
10 25 495.22727272727275
10 259 404.0
10 26 465.2305555555556
10 27 571.804347826087
10 28 495.15
10 29 639.8214285714286
10 30 620.2857142857143
10 31 656.1363636363636
10 32 448.5833333333333
10 33 569.25
10 34 535.9117647058823
10 35 515.1
10 36 396.57142857142856
10 37 416.0
10 38 467.375
10 39 556.8888888888889
10 40 491.22222222222223
10 41 471.27272727272725
10 42 431.5
10 43 449.8333333333333
10 44 491.3888888888889
10 45 704.8333333333334
10 46 604.75
10 47 566.5
10 48 665.0
10 49 420.5
10 50 413.25
10 51 430.2
10 52 608.25
10 53 476.72727272727275
10 54 359.6666666666667
10 55 386.0
10 56 722.3333333333334
10 57 351.6666666666667
10 58 333.6666666666667
10 59 361.7142857142857
10 60 892.0
10 61 357.0
10 62 644.0
10 63 362.2
10 64 476.3333333333333
10 65 524.1666666666666
10 66 648.0
10 68 823.0
10 70 396.0
10 71 227.0
10 73 515.5
10 74 205.0
10 75 392.0
10 87 727.0
10 88 306.0
10 89 294.0
10 92 844.0
10 93 431.0
10 97 545.0
10 98 212.0
10 99 260.0
100 104 876.0
100 106 234.0
101 103 646.0
101 107 624.0
101 109 735.0
101 112 471.0
102 102 441.0
102 103 792.0
102 104 836.0
102 106 605.0
102 109 842.0
102 124 444.0
103 109 635.0
103 110 752.0
103 112 674.0
103 113 595.0
103 116 300.0
104 112 380.0
104 127 429.0
104 158 437.0
105 111 729.0
106 113 629.0
106 114 563.0
106 159 827.0
107 122 449.0
107 123 253.0
108 112 876.0
108 116 800.0
108 119 845.0
109 109 726.0
109 115 737.0
109 127 538.0
109 128 732.0
109 137 729.0
11 101 279.0
11 102 212.0
11 103 417.0
11 104 684.0
11 106 210.0
11 11 535.6389298954533
11 110 375.0
11 113 200.0
11 12 503.3170224321968
11 13 534.102276276589
11 138 783.0
11 14 492.81715063060335
11 15 536.1970057072158
11 16 526.5024129001883
11 17 584.5067129629629
11 18 577.6666666666667
11 19 534.438888888889
11 20 615.780487804878
11 21 552.6651785714286
11 22 596.75
11 23 480.94736842105266
11 24 481.2037037037037
11 25 501.7375
11 26 532.9090909090909
11 27 497.21875
11 28 546.1176470588235
11 29 487.02777777777777
11 30 408.1666666666667
11 31 452.25
11 32 474.42857142857144
11 33 651.8181818181819
11 34 588.9285714285714
11 35 523.5
11 36 516.1111111111111
11 37 581.5
11 38 690.75
11 39 440.0
11 40 481.6666666666667
11 41 617.5
11 42 505.2857142857143
11 43 372.2
11 44 515.5714285714286
11 45 546.6666666666666
11 46 512.25
11 47 704.5714285714286
11 48 490.0
11 49 665.5
11 50 501.67857142857144
11 51 536.0
11 52 389.0
11 53 591.0
11 54 477.8333333333333
11 55 817.0
11 56 733.0
11 57 551.1666666666666
11 58 723.25
11 59 469.75
11 60 492.0
11 61 475.5
11 62 504.0
11 63 615.2857142857143
11 64 724.0
11 65 569.0
11 66 366.0
11 67 227.0
11 69 605.0
11 75 531.6666666666666
11 78 712.4444444444445
11 79 295.0
11 82 233.0
11 91 421.0
11 92 376.0
11 97 726.0
11 99 605.0
110 114 825.0
110 134 653.0
111 111 681.0
111 112 581.0
111 113 543.0
111 120 502.0
111 126 532.0
111 138 369.0
112 113 802.0
112 114 737.5
112 115 818.75
112 120 695.4
112 125 864.0
112 146 329.0
113 114 375.0
113 116 834.0
113 121 810.0
113 127 660.0
114 117 324.0
114 120 776.0
114 127 830.0
115 115 817.0
115 120 719.0
115 122 758.0
115 130 422.0
115 131 809.0
115 132 623.0
115 141 429.0
116 124 882.0
116 125 385.0
116 126 247.0
116 136 704.0
117 119 829.0
117 139 298.0
117 178 206.0
118 124 691.0
118 134 436.0
119 125 661.0
119 131 673.0
119 134 873.0
119 143 396.0
119 184 334.0
12 100 612.0
12 113 259.0
12 12 549.449803805792
12 13 572.1663601115679
12 14 571.1608669582887
12 15 564.6077156784188
12 16 546.8597290752923
12 160 410.0
12 163 341.0
12 17 529.3567907559199
12 18 568.8442028985507
12 19 479.0537037037037
12 20 514.1565656565656
12 21 552.953125
12 22 458.5
12 23 502.44
12 24 501.6913580246914
12 25 551.3333333333334
12 26 623.8567251461989
12 267 382.0
12 27 466.34615384615387
12 28 659.875
12 29 443.875
12 30 618.8913043478261
12 31 697.3
12 32 601.0
12 33 565.9285714285714
12 34 640.125
12 35 482.0
12 36 419.90909090909093
12 37 536.2
12 38 552.4090909090909
12 39 277.8
12 40 472.1666666666667
12 41 582.0
12 42 851.5
12 43 808.0
12 44 644.0
12 45 367.0
12 46 671.6666666666666
12 47 600.5
12 48 486.3333333333333
12 49 471.5
12 50 485.5
12 51 244.0
12 52 708.5
12 53 473.6666666666667
12 54 329.0
12 56 736.0
12 57 260.3333333333333
12 58 326.0
12 59 535.0
12 61 594.0
12 62 348.75
12 63 593.0
12 64 804.0
12 66 471.25
12 67 876.0
12 68 350.0
12 70 527.0
12 72 429.0
12 74 691.0
12 76 251.0
12 78 278.0
12 80 253.0
12 81 769.0
12 82 757.3333333333334
12 83 336.0
12 86 713.5
12 90 485.0
12 93 599.0
12 96 796.0
12 97 589.5
120 127 667.0
120 131 786.0
120 132 318.0
120 136 881.0
120 192 603.0
121 127 784.0
122 122 228.0
122 124 817.0
122 182 704.0
124 128 452.0
124 131 510.0
124 133 482.0
124 150 478.0
125 130 350.0
125 136 630.0
125 191 446.0
126 130 358.0
126 131 650.0
126 133 596.0
126 144 491.0
126 145 621.0
126 171 593.0
127 130 827.0
127 133 871.0
127 192 380.0
128 178 800.0
129 140 761.0
129 141 856.0
129 161 828.0
13 101 380.0
13 106 692.0
13 109 841.0
13 111 847.0
13 122 618.0
13 13 620.7225724175412
13 14 571.9910344520537
13 15 543.9509252223211
13 16 572.3493640104751
13 17 595.4872942386833
13 174 525.0
13 18 552.3372641509434
13 19 510.93025362318843
13 20 543.4428571428572
13 21 579.8360215053763
13 22 503.84090909090907
13 23 660.1818181818181
13 24 572.9615384615385
13 25 535.2296296296296
13 26 553.8571428571429
13 27 402.82142857142856
13 28 575.3846153846154
13 29 592.7272727272727
13 30 573.3333333333334
13 300 278.0
13 31 542.84375
13 32 419.6875
13 33 440.4
13 34 621.125
13 35 506.3333333333333
13 36 494.90909090909093
13 37 393.0833333333333
13 38 542.0
13 39 575.5555555555555
13 40 456.8
13 41 565.2
13 42 601.0
13 43 421.85714285714283
13 44 574.3333333333334
13 45 428.6666666666667
13 47 472.75
13 48 480.42857142857144
13 49 572.8333333333334
13 50 444.0
13 51 740.4
13 52 733.0
13 53 595.6666666666666
13 54 472.6
13 55 528.0
13 57 601.0
13 59 647.0
13 62 651.0
13 64 535.75
13 65 843.0
13 66 422.5
13 67 812.0
13 68 263.0
13 73 498.0
13 75 821.0
13 78 508.0
13 80 726.75
13 81 797.0
13 82 621.0
13 84 211.0
13 90 700.0
13 92 419.0
13 94 559.0
13 96 832.0
13 97 364.0
130 131 747.0
130 135 694.0
130 140 726.0
130 163 736.0
130 198 811.5
131 146 208.0
131 158 805.0
132 133 707.0
132 134 900.0
133 136 476.0
133 139 440.0
134 139 630.0
134 151 591.0
134 153 263.0
136 141 438.0
136 149 839.0
137 154 522.0
137 163 299.0
138 152 435.0
138 153 435.0
139 211 325.0
14 105 235.0
14 108 588.0
14 110 684.0
14 113 772.0
14 114 388.0
14 116 523.4444444444445
14 126 335.0
14 139 728.0
14 14 554.6740024931414
14 15 561.5520082413377
14 16 528.9265087976742
14 17 572.7441576760913
14 175 284.0
14 18 534.2921907756813
14 19 536.9747267759564
14 195 786.0
14 20 492.21759259259255
14 21 576.2222222222222
14 22 529.150641025641
14 23 507.45454545454544
14 24 481.6
14 25 565.2971014492754
14 26 563.2647058823529
14 27 496.84615384615387
14 28 628.104
14 29 461.61538461538464
14 30 545.875
14 31 505.0
14 32 616.4333333333333
14 33 456.0
14 34 565.1904761904763
14 35 505.8888888888889
14 36 651.125
14 37 517.875
14 39 667.6666666666666
14 40 502.5
14 41 550.2
14 42 616.0
14 43 687.9444444444445
14 44 572.0
14 45 433.0
14 46 439.0
14 47 888.0
14 48 530.5
14 49 486.4
14 50 324.5
14 51 266.5
14 52 367.0
14 53 317.92857142857144
14 54 263.0
14 55 525.0
14 56 718.0
14 58 465.0
14 59 893.0
14 60 505.75
14 61 572.5
14 63 602.75
14 69 309.0
14 70 580.0
14 73 649.0
14 74 368.0
14 75 239.0
14 79 700.0
14 80 690.0
14 85 438.0
14 86 800.0
14 95 376.0
14 96 841.0
140 144 786.0
140 156 697.0
141 147 890.0
141 214 465.0
142 144 452.0
142 154 739.2
142 155 692.6666666666666
142 157 788.0
142 214 546.0
144 189 253.0
145 149 319.0
145 150 544.0
147 151 691.0
147 167 797.0
148 153 862.0
148 158 773.0
149 155 718.0
149 167 680.0
15 113 270.0
15 116 854.0
15 117 788.0
15 132 277.25
15 137 827.0
15 138 409.0
15 143 520.0
15 15 610.9246790865201
15 158 265.0
15 16 589.7641627186589
15 17 564.6287819553562
15 18 576.2148062414267
15 19 522.3520408163265
15 20 558.5188492063493
15 21 505.29301075268813
15 22 542.9310344827586
15 23 525.7301587301587
15 24 561.8571428571429
15 25 462.0
15 26 627.1052631578947
15 27 495.1818181818182
15 28 534.5357142857143
15 29 473.475
15 30 631.7
15 31 516.7777777777778
15 32 587.4583333333334
15 33 584.05
15 34 634.46875
15 35 526.9090909090909
15 36 688.875
15 37 420.4166666666667
15 38 400.6666666666667
15 39 546.5
15 40 460.0
15 41 542.2
15 42 242.0
15 43 481.5
15 44 351.6
15 45 418.0
15 46 772.75
15 47 435.4
15 48 617.7916666666667
15 49 660.6666666666666
15 50 476.3333333333333
15 51 436.6666666666667
15 52 523.3
15 53 856.0
15 54 798.75
15 55 860.0
15 56 455.0
15 57 530.0
15 58 563.8333333333334
15 61 482.0
15 62 426.0
15 63 543.5
15 64 606.0
15 69 849.0
15 73 732.0
15 74 509.0
15 76 589.0
15 78 321.0
15 80 266.0
15 81 878.0
15 91 274.0
15 98 200.0
150 166 680.0
151 159 520.0
152 152 231.0
152 158 799.0
152 159 504.0
153 169 893.0
155 162 624.0
157 158 420.0
157 169 796.0
157 216 539.0
158 164 439.0
158 173 706.0
158 183 392.0
158 191 510.0
159 196 225.0
16 105 712.0
16 107 489.0
16 154 568.0
16 16 579.9021266758294
16 167 507.0
16 17 540.2094073719313
16 18 578.0123931623931
16 185 465.0
16 19 548.8280303030302
16 20 533.3267973856209
16 21 550.231981981982
16 22 643.9166666666666
16 23 532.9318181818181
16 24 491.17857142857144
16 25 564.2777777777778
16 26 442.25
16 27 678.0714285714286
16 28 653.6842105263158
16 29 563.0
16 30 551.4285714285714
16 31 515.55
16 32 620.6153846153846
16 33 617.0
16 34 277.5
16 35 666.6666666666666
16 36 637.4
16 37 440.9
16 38 567.5
16 39 659.5714285714286
16 40 579.2
16 41 438.8333333333333
16 42 469.3333333333333
16 43 644.5
16 44 447.25
16 45 623.8
16 46 485.3333333333333
16 47 364.0
16 48 532.0
16 49 443.25
16 50 240.0
16 51 536.6
16 52 292.0
16 54 725.0
16 55 701.6666666666666
16 56 303.0
16 57 835.0
16 58 267.0
16 59 569.0
16 61 420.0
16 62 557.0
16 64 427.0
16 66 400.0
16 67 654.0
16 69 608.0
16 72 665.0
16 76 286.0
16 77 664.0
16 82 682.0
16 84 295.0
16 86 296.0
16 92 302.0
16 93 820.0
16 96 586.0
162 172 696.0
163 167 567.0
163 171 798.0
163 188 897.0
164 172 499.0
164 178 521.0
167 255 249.0
168 191 279.0
169 192 279.0
17 111 319.0
17 117 241.0
17 123 280.0
17 126 881.0
17 131 844.0
17 147 686.0
17 17 599.2322468860228
17 18 576.7740878060263
17 19 512.8783068783068
17 20 519.8440393518518
17 21 513.4214285714286
17 22 513.1091954022988
17 23 548.0026666666666
17 24 595.8990384615385
17 25 552.2678571428571
17 26 552.275
17 27 622.7222222222222
17 28 671.25
17 29 512.7058823529412
17 30 597.8
17 31 563.8181818181819
17 32 608.4285714285714
17 33 694.25
17 334 682.0
17 34 480.2
17 35 526.125
17 36 469.5
17 37 859.6666666666666
17 38 656.8
17 39 769.8
17 41 608.5
17 42 315.5
17 43 404.0
17 44 623.0
17 45 454.0
17 46 525.6666666666666
17 47 796.0
17 49 480.0
17 51 581.0
17 52 724.0
17 53 708.0
17 54 362.0
17 55 788.5
17 57 526.0
17 58 344.0
17 59 631.0
17 60 637.3333333333334
17 62 288.6666666666667
17 63 267.0
17 65 806.0
17 67 540.0
17 69 847.5
17 72 895.0
17 74 221.0
17 77 522.0
17 81 338.0
17 95 593.0
172 173 691.0
173 176 799.0
173 211 487.0
174 245 612.0
176 183 496.0
176 195 809.0
177 207 676.0
178 190 578.0
179 180 823.0
179 272 324.0
18 108 634.0
18 115 363.0
18 127 258.0
18 131 430.0
18 142 236.0
18 151 512.0
18 152 667.0
18 157 431.0
18 18 531.3309430711014
18 19 565.3471121736491
18 20 613.6661241319445
18 21 603.4094498910677
18 22 497.67687074829934
18 23 538.4949494949494
18 24 581.8965517241379
18 25 580.2
18 26 627.9166666666666
18 27 501.57142857142856
18 28 622.7777777777778
18 286 568.0
18 29 477.3
18 30 414.0
18 31 474.65384615384613
18 32 648.2
18 33 811.8
18 34 807.0
18 35 564.0
18 36 486.6666666666667
18 37 793.5
18 38 602.6
18 39 747.5
18 40 557.6666666666666
18 41 503.6666666666667
18 42 716.0
18 43 382.3333333333333
18 45 447.5
18 46 572.1666666666666
18 47 884.0
18 48 432.6
18 49 265.0
18 51 331.0
18 56 463.5
18 57 450.1111111111111
18 59 724.0
18 60 410.0
18 61 445.0
18 62 270.0
18 63 568.0
18 66 673.0
18 68 683.0
18 69 572.0
18 70 398.5
18 71 853.0
18 73 582.0
18 74 633.0
18 75 849.0
18 79 627.0
18 81 395.0
18 83 672.3333333333334
18 85 576.0
18 86 746.0
18 94 448.0
18 96 517.0
182 230 670.0
183 190 692.0
185 190 461.0
186 199 568.0
186 283 464.0
187 289 525.0
189 238 501.0
19 105 408.0
19 108 673.0
19 109 815.0
19 116 468.0
19 131 447.0
19 139 230.0
19 19 581.2499787414966
19 20 582.9418131510416
19 21 563.7485632183908
19 22 567.828125
19 23 553.4791666666667
19 24 579.2688492063492
19 25 546.6818181818181
19 26 438.8229166666667
19 27 531.1111111111111
19 28 466.4642857142857
19 29 605.2222222222222
19 30 577.75
19 31 603.7
19 32 623.7142857142857
19 33 624.4
19 34 478.6666666666667
19 35 664.2
19 36 686.75
19 37 578.9090909090909
19 38 497.0
19 39 643.0
19 40 326.5
19 41 529.7142857142857
19 42 859.0
19 43 675.5
19 45 707.5833333333334
19 46 616.75
19 48 506.6666666666667
19 50 217.0
19 51 466.8
19 52 381.0
19 54 847.5
19 56 490.5
19 58 684.0
19 60 778.0
19 61 420.0
19 63 242.0
19 66 359.0
19 68 407.0
19 69 299.0
19 71 471.0
19 80 661.6666666666666
19 81 479.0
19 85 478.0
19 89 745.0
19 92 437.0
192 222 649.0
193 198 634.0
196 297 388.0
197 300 488.0
198 213 728.0
199 302 224.0
2 10 483.9653318648947
2 11 461.93375551085865
2 12 473.8136007788994
2 13 496.6272878559217
2 134 424.0
2 14 510.4045042127141
2 149 306.0
2 15 453.53785683171407
2 16 460.94746680642913
2 17 466.4358945639188
2 18 498.4293055555555
2 184 755.0
2 19 480.4497863247862
2 2 530.8248741308421
2 20 384.80316091954023
2 21 491.56537356321843
2 22 469.8910256410257
2 23 441.5359375
2 24 515.3060344827586
2 244 200.0
2 25 434.5571428571429
2 26 422.42543859649123
2 27 460.4382716049382
2 28 487.2692307692308
2 29 523.028
2 3 503.8645105760865
2 30 433.39130434782606
2 31 441.47058823529414
2 32 474.5
2 33 368.16
2 34 344.28125
2 35 522.8
2 36 658.0
2 37 419.72727272727275
2 38 570.6666666666666
2 39 570.125
2 4 516.6967186256435
2 40 488.3333333333333
2 41 406.75
2 42 545.8571428571429
2 43 433.45454545454544
2 44 633.3076923076923
2 45 429.6666666666667
2 46 350.5
2 47 346.0
2 48 287.0
2 49 430.8333333333333
2 5 534.372226028746
2 50 658.6
2 51 283.3333333333333
2 52 544.0
2 53 427.6666666666667
2 54 546.0
2 55 574.5555555555555
2 56 399.7142857142857
2 57 472.75
2 58 506.0
2 59 406.0
2 6 475.30201194053956
2 60 327.0
2 61 451.0
2 62 353.0
2 63 722.4285714285714
2 64 480.1666666666667
2 65 537.6666666666666
2 68 688.0
2 69 416.0
2 7 392.87143901179184
2 70 406.0
2 71 624.0
2 73 306.0
2 75 419.0
2 76 420.0
2 78 627.0
2 8 609.131256689042
2 82 533.0
2 83 282.0
2 9 450.9501581489
2 92 323.0
2 93 476.0
2 94 630.0
20 111 311.0
20 113 826.0
20 115 720.0
20 136 210.0
20 193 900.0
20 20 622.093195662768
20 21 614.9029591625208
20 22 573.5703125
20 23 524.5980392156863
20 24 532.3706140350878
20 25 568.6666666666666
20 26 564.1923076923077
20 27 506.6884057971014
20 28 575.5555555555555
20 29 547.9375
20 30 556.25
20 31 460.0
20 32 516.1666666666666
20 33 617.7272727272727
20 34 683.1666666666666
20 340 422.0
20 35 671.3333333333334
20 36 528.8333333333334
20 37 328.6666666666667
20 38 526.5
20 39 564.0
20 40 578.25
20 41 453.3333333333333
20 42 639.0
20 43 460.0
20 44 667.6666666666666
20 45 369.3333333333333
20 46 728.0
20 47 256.0
20 48 624.0
20 49 398.0
20 50 596.6666666666666
20 51 400.0
20 53 481.0
20 55 568.4
20 57 519.0
20 59 541.0
20 61 313.0
20 64 666.2
20 65 613.0
20 69 477.0
20 70 548.0
20 71 519.0
20 73 610.3333333333334
20 76 577.5
20 85 536.0
20 91 727.0
20 93 312.0
20 94 818.0
201 285 314.0
202 305 513.0
203 208 585.0
205 210 814.0
206 207 204.0
206 211 769.0
207 223 672.5
21 106 278.0
21 113 349.0
21 126 390.0
21 160 791.0
21 21 656.0982704402517
21 22 554.3303685897437
21 23 575.5585185185186
21 24 575.5824652777778
21 25 550.5192307692307
21 26 582.65
21 27 658.3235294117648
21 28 609.3333333333334
21 29 551.5
21 30 532.625
21 31 451.125
21 32 345.0
21 33 548.6
21 34 520.1428571428571
21 35 423.3333333333333
21 36 479.0
21 37 478.0
21 39 482.0
21 40 674.0
21 41 840.6
21 42 770.5
21 44 722.0
21 46 689.0
21 51 731.0
21 53 617.0
21 54 339.3333333333333
21 55 532.0
21 61 471.0
21 62 721.3333333333334
21 63 446.0
21 646 569.0
21 67 267.0
21 70 470.0
21 76 347.0
21 78 261.0
21 80 294.0
21 81 705.0
210 216 682.0
210 250 673.0
214 231 591.0
215 224 424.0
215 243 643.0
217 218 897.0
22 101 500.0
22 102 619.0
22 104 526.0
22 118 599.0
22 145 520.0
22 155 564.0
22 22 590.2315641534391
22 221 247.0
22 23 574.8795687134502
22 24 570.3918918918919
22 25 520.84
22 26 479.4
22 27 575.1785714285714
22 28 568.0086206896551
22 29 583.0
22 30 499.4166666666667
22 31 579.7083333333334
22 32 511.0
22 33 274.0
22 34 511.0
22 35 623.2
22 36 597.5
22 37 686.0
22 38 356.0
22 39 556.2
22 40 483.3333333333333
22 41 478.5
22 43 443.0
22 44 465.3333333333333
22 45 509.6666666666667
22 46 447.0
22 47 391.0
22 48 615.0
22 50 459.0
22 51 723.0
22 55 354.0
22 57 700.0
22 67 761.0
22 68 240.0
22 69 390.0
22 80 628.0
22 81 442.0
22 94 531.0
22 95 623.0
221 245 572.0
221 266 454.0
224 231 709.0
226 343 331.0
227 262 493.0
228 263 493.0
229 248 745.0
23 102 620.0
23 142 527.0
23 148 214.0
23 23 636.0429421768707
23 24 568.1416666666667
23 25 561.1540697674418
23 26 607.4342105263158
23 263 627.0
23 27 635.0994623655914
23 28 486.9166666666667
23 29 561.4047619047619
23 30 673.5882352941177
23 31 650.7142857142857
23 32 504.0
23 33 539.0
23 34 552.8
23 35 470.4
23 36 599.5
23 37 367.0
23 38 582.0
23 39 582.6666666666666
23 40 519.0
23 41 554.0
23 42 728.5
23 44 658.0
23 45 685.0
23 46 492.25
23 47 620.5
23 48 376.0
23 54 854.0
23 55 592.0
23 56 291.0
23 57 449.0
23 58 775.0
23 59 333.0
23 67 797.0
23 72 538.0
23 74 453.0
23 80 380.0
23 85 717.0
230 240 298.0
230 289 370.0
236 249 794.0
237 287 481.0
24 106 696.0
24 111 815.0
24 114 280.0
24 134 370.0
24 24 638.75
24 25 590.4140070921985
24 26 568.3991228070175
24 27 499.9605263157895
24 28 647.7430555555555
24 29 527.1323529411765
24 30 611.5925925925926
24 31 317.875
24 32 620.3141025641025
24 33 467.1875
24 34 546.2857142857143
24 35 435.0
24 36 570.5
24 37 556.0
24 38 545.25
24 39 265.0
24 40 325.5
24 41 443.0
24 42 653.0
24 43 311.0
24 44 588.3333333333334
24 45 480.5
24 47 799.0
24 49 547.5
24 50 313.0
24 51 549.5
24 52 584.0
24 53 696.0
24 55 564.0
24 56 672.5
24 61 341.0
24 64 608.0
24 67 490.0
24 68 409.0
24 86 325.0
24 90 341.0
24 91 466.0
240 361 588.0
245 250 874.0
245 256 651.0
25 102 773.0
25 107 708.0
25 112 649.0
25 116 410.0
25 25 556.4147727272729
25 26 613.1631205673758
25 27 560.2666666666668
25 28 700.6868686868687
25 29 602.44
25 30 631.574074074074
25 31 683.1904761904761
25 32 597.4236111111112
25 33 570.8333333333334
25 34 516.5
25 35 413.5
25 36 495.85714285714283
25 37 593.0
25 38 635.8
25 39 621.6666666666666
25 40 789.0
25 43 376.3333333333333
25 44 412.0
25 45 508.9333333333333
25 46 610.0
25 48 549.3333333333334
25 50 570.0
25 52 553.5
25 53 685.0
25 55 462.0
25 65 509.0
25 66 726.0
25 67 288.0
25 69 697.0
25 73 334.0
25 75 444.0
25 78 303.0
25 81 481.0
25 91 766.0
253 273 702.0
258 300 360.0
26 100 793.0
26 210 796.0
26 26 565.2794117647059
26 27 581.5149572649573
26 28 557.1801075268817
26 29 548.703125
26 30 571.1041666666666
26 306 277.0
26 31 530.5
26 32 597.7125
26 33 499.27777777777777
26 34 639.7272727272727
26 35 563.5
26 36 691.4375
26 37 640.6666666666666
26 38 634.6666666666666
26 39 417.0
26 407 891.0
26 41 269.0
26 43 599.0
26 44 435.0
26 45 345.55555555555554
26 48 775.0
26 49 686.0
26 51 257.0
26 53 682.0
26 55 283.0
26 57 799.0
26 58 597.5
26 59 767.0
26 64 564.0
26 68 604.0
26 73 281.0
26 76 203.0
26 81 739.0
26 91 848.0
26 98 607.0
267 310 855.0
27 101 661.0
27 109 309.0
27 111 624.0
27 112 503.0
27 114 338.0
27 128 652.0
27 153 897.0
27 226 859.0
27 27 574.5073529411765
27 28 623.1875
27 29 619.8333333333334
27 30 530.9224137931035
27 31 557.1145833333333
27 32 578.4166666666666
27 33 655.9866666666666
27 34 656.9230769230769
27 35 665.1428571428571
27 36 601.9318181818181
27 37 690.1666666666666
27 38 382.0
27 39 350.3333333333333
27 40 549.0
27 42 868.0
27 43 492.5
27 45 740.5
27 46 882.0
27 49 450.5
27 57 354.0
27 62 356.1666666666667
27 65 294.0
27 68 826.0
27 72 621.0
27 81 570.0
272 353 570.0
277 282 493.0
278 302 581.0
28 217 267.0
28 269 213.0
28 28 606.0454545454545
28 29 571.7094017094016
28 30 611.0
28 31 600.65
28 32 637.5833333333334
28 33 498.47727272727275
28 34 602.0833333333334
28 340 352.0
28 35 551.1333333333333
28 352 370.0
28 36 650.0
28 37 700.0
28 38 660.0714285714286
28 40 562.0
28 41 379.0
28 43 427.0
28 44 728.5
28 45 558.0
28 46 202.0
28 49 434.0
28 51 888.0
28 52 892.0
28 57 540.0
28 59 305.0
28 62 465.0
28 63 874.0
28 68 876.0
28 71 348.0
28 73 745.0
28 82 734.0
28 89 887.0
281 299 604.0
284 330 423.0
286 288 208.0
288 434 456.0
29 102 493.0
29 125 803.0
29 200 224.0
29 29 624.1979166666666
29 30 589.7589285714286
29 31 651.984375
29 32 629.9375
29 33 465.7
29 34 664.625
29 35 570.0583333333333
29 350 712.0
29 358 296.0
29 36 538.6666666666666
29 37 500.25
29 38 587.0
29 39 457.625
29 40 553.0
29 41 628.0
29 42 559.6
29 43 688.0
29 44 677.0
29 48 511.0
29 49 386.0
29 50 220.0
29 55 375.0
29 56 393.0
29 58 486.0
29 64 597.5
29 66 755.0
29 73 343.0
29 81 466.0
29 88 294.0
29 90 306.0
29 92 347.0
29 96 471.0
291 296 569.0
299 330 818.0
3 10 496.558802044999
3 103 487.0
3 11 454.3539988711972
3 112 274.0
3 12 505.20120332217317
3 127 218.0
3 13 517.1747196973555
3 131 243.0
3 14 462.4822822716621
3 144 442.0
3 15 485.3259180030899
3 16 494.1366245791246
3 165 282.0
3 17 502.6977306079664
3 170 373.0
3 171 415.5
3 18 438.73003144654086
3 19 477.11021505376345
3 20 508.25502873563215
3 21 475.2779524807827
3 22 433.9804964539007
3 23 539.9640522875817
3 24 485.63945578231295
3 25 443.3272058823529
3 26 447.9348958333333
3 27 514.7708333333334
3 28 465.52182539682536
3 29 522.7767857142857
3 3 567.405062436779
3 30 433.96875
3 31 491.7980769230769
3 32 456.45
3 33 439.4291666666667
3 34 426.55
3 35 364.9345238095238
3 36 507.2875
3 37 334.7
3 38 624.0
3 39 586.6190476190476
3 4 550.1610358082098
3 40 515.2058823529412
3 41 614.6111111111111
3 42 435.5
3 43 419.0
3 44 462.55555555555554
3 45 576.0909090909091
3 46 376.0625
3 47 439.9
3 48 445.6190476190476
3 49 409.92857142857144
3 5 472.1891566292051
3 50 413.5
3 51 361.3333333333333
3 52 431.0
3 53 279.0
3 54 364.75
3 55 466.53846153846155
3 56 458.38461538461536
3 57 224.0
3 58 477.7142857142857
3 6 520.205038296833
3 60 352.0
3 61 679.0
3 62 732.0
3 63 432.0
3 64 310.3333333333333
3 65 545.5
3 68 574.0
3 69 326.0
3 7 662.3311365471562
3 70 780.0
3 74 412.0
3 75 494.25
3 78 303.0
3 79 210.0
3 8 431.1357091662193
3 82 286.0
3 85 774.4
3 87 358.0
3 88 556.0
3 9 487.0423230171824
3 90 476.0
3 91 565.0
3 95 313.0
30 30 662.7727272727273
30 31 614.1875
30 32 586.75
30 33 583.1111111111111
30 34 486.6818181818182
30 35 593.2
30 36 666.7777777777778
30 37 597.375
30 38 452.5
30 39 285.3333333333333
30 40 458.8
30 42 770.0
30 43 544.5555555555555
30 44 504.0
30 50 640.0
30 52 525.0
30 53 798.0
30 55 463.0
30 59 759.0
30 65 348.0
30 70 656.0
30 71 498.0
30 82 665.0
305 329 697.0
305 461 670.0
31 121 460.0
31 132 706.0
31 138 769.0
31 31 590.7333333333333
31 32 649.84375
31 33 624.9427083333333
31 34 592.5
31 35 569.6666666666666
31 36 556.2307692307693
31 37 733.0
31 38 416.5
31 39 609.0
31 40 640.3
31 41 559.8181818181819
31 42 408.6
31 43 748.0
31 44 525.75
31 47 666.0
31 48 611.0
31 49 211.0
31 50 762.5
31 51 355.0
31 53 498.0
31 55 848.0
31 60 719.0
31 62 469.0
31 65 512.0
31 68 278.0
31 72 608.0
31 84 872.0
31 98 736.0
310 327 481.0
311 313 605.0
315 474 417.0
32 113 361.0
32 232 289.0
32 32 597.2777777777778
32 33 598.2173913043479
32 34 675.1578947368421
32 35 478.46666666666664
32 36 552.7156862745097
32 37 564.5714285714286
32 38 591.3125
32 39 581.0909090909091
32 40 553.2857142857143
32 41 507.0
32 42 370.5
32 44 692.0
32 45 692.0
32 46 439.0
32 47 543.0
32 48 474.0
32 52 535.0
32 54 503.0
32 56 470.0
32 66 798.0
32 77 299.0
32 81 404.0
33 127 397.0
33 206 562.0
33 33 613.1176470588235
33 34 625.3333333333334
33 35 566.4197530864197
33 36 574.9090909090909
33 37 629.1428571428571
33 38 619.3333333333334
33 39 521.962962962963
33 40 824.0
33 41 673.3333333333334
33 42 790.0
33 43 843.3333333333334
33 44 674.0
33 46 815.0
33 48 886.0
33 49 434.0
33 53 499.6666666666667
33 55 357.0
33 56 527.75
33 57 709.0
33 62 717.0
33 71 309.0
33 75 307.0
33 77 535.0
33 90 273.0
332 347 744.0
332 386 689.0
333 348 873.0
335 351 873.0
34 104 557.0
34 138 435.0
34 244 531.0
34 34 606.4166666666666
34 35 667.3461538461538
34 36 556.1153846153846
34 37 564.0909090909091
34 38 578.8070175438596
34 39 706.5
34 40 798.6071428571429
34 41 627.1428571428571
34 413 409.0
34 42 453.5
34 43 501.8333333333333
34 44 825.0
34 45 562.6
34 46 629.0
34 47 428.5
34 50 647.0
34 51 738.0
34 53 358.5
34 54 422.0
34 57 651.0
34 58 354.0
34 61 571.0
34 62 699.0
34 66 701.0
34 78 754.0
34 97 845.0
34 98 268.0
344 349 883.0
346 376 878.0
348 358 750.0
35 132 684.0
35 169 394.0
35 35 516.2727272727273
35 36 601.05
35 37 475.5
35 38 599.7666666666667
35 39 608.1190476190477
35 40 458.57142857142856
35 41 574.8333333333334
35 42 429.0
35 43 558.7142857142857
35 44 758.0
35 45 487.0
35 46 546.5714285714286
35 48 823.0
35 49 855.0
35 51 253.0
35 53 687.0
35 54 415.0
35 74 734.0
35 76 361.0
35 83 786.0
356 379 820.0
36 104 241.0
36 36 521.5
36 37 527.75
36 38 565.6153846153846
36 39 466.4333333333333
36 40 617.0909090909091
36 41 691.8333333333334
36 42 623.0
36 43 639.8333333333334
36 44 744.0
36 46 211.0
36 47 669.75
36 51 817.0
36 56 402.0
36 58 658.0
36 62 530.0
36 73 292.0
36 98 783.0
37 123 573.0
37 37 597.0833333333334
37 38 581.4
37 39 658.0277777777778
37 40 491.44736842105266
37 41 567.7272727272727
37 42 706.8
37 43 580.3333333333334
37 44 391.0
37 45 648.75
37 47 354.0
37 54 347.0
37 55 660.0
37 56 841.0
37 58 829.0
37 63 304.0
37 64 665.6666666666666
37 68 564.0
37 77 254.0
37 82 717.0
37 83 786.0
37 91 326.0
38 38 645.1363636363636
38 39 456.4166666666667
38 40 599.9230769230769
38 41 620.75
38 42 576.2
38 43 598.4285714285714
38 44 579.5
38 45 604.2
38 47 278.0
38 50 858.0
38 51 836.0
38 52 343.0
38 53 501.0
38 54 642.0
38 55 805.0
38 57 426.0
38 58 894.0
38 60 418.0
38 61 544.0
38 68 873.0
38 73 764.0
38 80 623.0
38 87 552.0
383 516 886.0
39 150 816.0
39 39 566.0
39 40 622.0
39 41 674.8
39 42 625.6666666666666
39 43 679.0
39 44 659.0
39 45 484.4
39 46 518.0
39 47 423.8
39 48 203.0
39 49 799.0
39 50 767.7142857142857
39 52 759.8
39 53 524.0
39 55 514.0
39 58 747.0
39 59 598.0
39 70 214.0
39 86 538.0
4 10 554.11440252237
4 100 568.0
4 108 390.5
4 11 487.7302988552633
4 111 377.0
4 12 539.8643974740152
4 123 321.0
4 127 467.0
4 13 532.6744862848136
4 14 524.5610530603423
4 15 507.1831706835857
4 157 461.0
4 16 482.68540031527283
4 162 455.0
4 17 532.7556948731138
4 18 467.2477610953932
4 183 281.0
4 19 507.6872474747475
4 20 484.8571428571428
4 21 455.2722222222223
4 22 565.8517628205128
4 23 494.3348023504273
4 24 472.73106060606057
4 243 233.0
4 25 450.13888888888897
4 26 444.1642857142857
4 27 491.4390243902439
4 28 494.25
4 29 467.24107142857144
4 290 430.0
4 30 446.16161616161617
4 31 559.1022727272727
4 32 490.46875
4 33 466.19444444444446
4 34 408.6
4 35 461.52272727272725
4 36 494.94666666666666
4 37 457.25
4 38 398.1666666666667
4 39 494.1111111111111
4 4 567.0862113623729
4 40 403.46153846153845
4 41 374.48888888888894
4 42 568.5714285714286
4 43 525.3888888888889
4 44 458.0
4 45 387.875
4 46 518.9285714285714
4 47 506.0
4 48 367.3333333333333
4 49 302.0
4 5 553.9228489673327
4 50 488.35714285714283
4 51 302.6
4 52 507.5
4 53 626.3333333333334
4 54 391.85714285714283
4 55 542.2
4 56 547.5694444444445
4 57 707.8333333333334
4 58 657.0
4 59 503.6
4 6 494.2405229321172
4 60 287.4
4 61 509.25
4 63 491.0
4 65 298.2
4 66 611.0
4 67 244.0
4 68 740.0
4 7 429.6357242100147
4 71 237.0
4 72 372.3333333333333
4 74 261.0
4 75 485.25
4 76 217.0
4 78 474.0
4 79 216.0
4 8 523.5183859260613
4 82 584.0
4 85 349.0
4 86 482.0
4 9 521.8315775276221
4 90 668.0
4 95 560.0
4 99 490.2
40 100 787.0
40 40 570.5
40 41 631.5
40 42 558.75
40 43 502.5769230769231
40 44 582.5
40 45 575.0
40 46 735.25
40 47 597.3
40 48 435.0
40 50 585.0
40 51 499.75
40 52 888.0
40 53 584.5
40 54 679.0
40 55 366.0
40 57 716.0
40 58 594.0
40 69 549.0
40 75 840.0
40 78 364.0
406 417 585.0
41 41 588.1428571428571
41 42 628.4
41 43 713.75
41 44 588.9090909090909
41 45 507.0
41 46 745.5714285714286
41 47 499.3333333333333
41 48 617.8
41 49 314.5
41 50 587.0
41 52 333.0
41 53 457.0
41 54 440.0
41 55 762.0
41 56 857.0
41 57 470.3333333333333
41 67 868.0
41 81 310.0
41 83 605.0
42 42 551.5
42 43 411.25
42 44 677.0
42 45 608.2222222222222
42 46 455.85714285714283
42 47 437.5
42 48 818.0
42 49 417.0
42 50 535.8
42 51 659.0
42 52 853.0
42 54 340.0
42 55 736.0
42 56 276.0
42 57 281.0
42 58 255.0
42 64 477.0
42 74 352.0
42 76 765.0
42 95 700.0
420 578 576.0
426 447 865.0
43 43 632.3333333333334
43 44 549.5
43 45 614.5
43 46 657.0
43 47 368.0
43 48 467.375
43 49 364.0
43 50 605.0
43 51 585.6666666666666
43 52 814.5
43 53 558.3333333333334
43 56 817.6666666666666
43 57 498.0
43 63 552.6
43 70 303.0
44 44 691.0
44 45 624.4
44 46 575.0
44 47 392.0
44 48 562.375
44 49 602.8333333333334
44 50 869.0
44 51 590.0
44 52 583.5
44 54 510.0
44 56 469.0
44 58 514.0
44 59 513.0
44 61 393.0
44 63 396.0
44 79 452.0
442 512 832.0
446 476 464.0
45 45 776.5
45 46 571.4444444444445
45 47 713.2857142857143
45 48 552.5
45 49 629.5
45 50 711.3333333333334
45 51 494.95
45 52 632.0
45 54 602.0
45 55 826.0
45 56 758.0
45 57 452.0
45 59 484.5
45 61 891.0
45 63 842.0
45 65 266.0
45 69 760.5
45 78 468.0
45 80 410.0
45 90 686.0
454 497 673.0
46 46 518.8
46 47 539.5
46 48 654.4
46 49 643.6666666666666
46 50 589.0
46 51 674.0
46 52 690.1666666666666
46 53 456.6666666666667
46 54 463.0
46 55 882.0
46 56 551.0
46 58 577.0
46 59 566.0
46 67 374.0
46 73 811.0
46 77 761.0
47 341 413.0
47 47 462.0
47 48 725.125
47 49 455.875
47 50 596.5714285714286
47 51 588.8333333333334
47 52 552.5
47 53 890.0
47 54 675.0
47 55 706.0
47 56 779.0
47 60 733.0
47 61 596.0
47 66 687.3333333333334
47 80 394.0
47 90 359.0
48 109 295.0
48 48 771.0
48 49 627.1428571428571
48 50 482.75
48 51 393.0
48 52 545.6666666666666
48 53 719.6
48 54 348.0
48 55 628.1428571428571
48 56 694.0
48 57 780.0
48 58 843.0
48 59 401.0
48 60 477.0
48 61 721.0
48 62 346.0
48 65 802.0
48 67 773.0
48 69 723.0
48 71 636.0
49 50 568.6666666666666
49 51 653.0
49 52 716.2857142857143
49 53 443.85714285714283
49 54 519.0
49 55 579.3333333333334
49 56 672.0
49 58 756.0
49 59 605.0
49 60 485.0
49 63 680.0
49 65 837.0
49 70 254.0
49 84 735.0
5 10 520.4953068586882
5 106 464.0
5 107 251.0
5 11 542.336390681904
5 113 851.0
5 117 336.0
5 12 521.343097514756
5 121 301.0
5 123 857.0
5 13 500.0635343599681
5 134 720.0
5 137 573.0
5 138 460.0
5 139 539.0
5 14 519.0152045411263
5 15 487.17379489906386
5 16 537.7135404418968
5 165 894.0
5 17 488.80210084033615
5 172 307.0
5 18 479.74184782608694
5 185 353.0
5 19 509.4201940035273
5 20 467.3431137547348
5 21 464.6275641025641
5 22 550.2074468085107
5 220 347.3333333333333
5 23 548.198143115942
5 239 297.0
5 24 428.093137254902
5 25 496.98355263157896
5 26 449.06976744186045
5 268 785.0
5 27 531.7258064516129
5 28 434.8958333333333
5 29 494.6166666666667
5 30 443.975
5 31 566.8933333333333
5 32 499.72916666666663
5 33 591.3409090909091
5 34 438.02898550724643
5 35 462.54761904761904
5 36 533.8235294117648
5 37 549.2105263157895
5 38 430.5098039215686
5 39 428.4166666666667
5 40 473.7692307692308
5 41 544.0769230769231
5 42 469.76666666666665
5 43 441.77777777777777
5 44 376.2
5 45 317.6851851851852
5 46 561.5
5 47 482.85714285714283
5 48 346.4
5 49 480.5
5 5 555.6436126312009
5 50 350.4
5 51 492.1666666666667
5 52 240.33333333333334
5 53 469.6666666666667
5 54 377.44444444444446
5 55 566.7142857142857
5 56 576.0
5 57 440.25
5 58 284.0
5 59 488.0
5 6 557.0341936691794
5 60 615.0
5 61 428.5
5 62 227.0
5 63 342.75
5 64 531.5
5 65 408.0
5 66 340.0
5 67 223.0
5 68 593.2222222222222
5 69 247.0
5 7 529.9017347218385
5 70 327.0
5 71 538.0
5 72 712.0
5 73 812.0
5 74 659.4
5 77 770.0
5 8 486.597886010459
5 80 871.0
5 81 613.0
5 84 508.3333333333333
5 85 246.0
5 86 216.0
5 9 448.7955872562376
5 90 373.0
5 91 212.0
5 92 734.0
5 94 380.0
5 97 525.0
5 98 480.0
50 184 463.0
50 50 517.3333333333334
50 51 699.5
50 52 493.8
50 53 593.6666666666666
50 54 842.0
50 55 686.6666666666666
50 56 599.0
50 57 528.25
50 58 672.5714285714286
50 59 591.3333333333334
50 60 631.0
50 65 553.0
50 66 201.0
50 67 666.5
50 68 509.0
50 808 581.0
51 109 446.0
51 51 660.0
51 52 604.8333333333334
51 53 673.6666666666666
51 54 549.3333333333334
51 55 853.0
51 56 615.3333333333334
51 57 288.0
51 58 727.75
51 59 381.0
51 62 676.5
51 63 610.0
51 64 408.0
519 553 835.0
52 101 664.0
52 117 840.0
52 53 679.75
52 54 633.3333333333334
52 55 466.77777777777777
52 56 745.0
52 57 754.0
52 58 722.5714285714286
52 59 618.6666666666666
52 61 876.0
52 64 812.0
52 65 423.0
52 69 713.0
52 71 683.0
52 72 357.0
52 73 719.0
52 74 285.0
52 81 578.0
53 116 409.0
53 53 716.5
53 54 684.4
53 55 672.0
53 56 517.5
53 57 219.0
53 58 793.0
53 61 575.6666666666666
53 62 475.85714285714283
53 63 442.0
53 66 713.3333333333334
53 70 374.0
53 71 748.0
53 76 321.0
53 79 229.0
53 83 769.0
54 55 640.3333333333334
54 56 608.1666666666666
54 57 483.1111111111111
54 58 644.0
54 61 267.0
54 63 342.0
54 64 602.0
54 65 421.0
54 66 288.0
54 77 611.0
54 82 755.0
54 94 504.0
55 55 534.375
55 56 634.75
55 57 784.6
55 58 444.0
55 59 473.0
55 60 698.0
55 61 606.5
55 62 694.0
55 63 504.0
55 64 528.0
55 65 235.0
55 66 426.0
55 68 210.0
55 73 786.0
55 81 445.0
56 100 857.0
56 409 561.0
56 56 618.25
56 57 742.6666666666666
56 58 363.0
56 59 840.0
56 61 734.0
56 63 654.3333333333334
56 66 768.0
56 69 640.0
56 70 658.0
56 80 557.0
569 586 530.0
57 57 836.0
57 58 701.0
57 59 609.6
57 60 473.61538461538464
57 61 667.5
57 64 524.5
57 65 354.0
57 66 457.5
57 68 707.0
57 69 788.8
57 74 438.0
57 76 397.0
58 112 804.0
58 58 476.0
58 59 744.6666666666666
58 60 600.4285714285714
58 61 685.5
58 62 657.0
58 64 706.0
58 65 682.3333333333334
58 66 748.0
58 68 551.0
58 69 505.5
58 70 596.0
58 72 574.6666666666666
58 73 755.0
58 84 881.0
59 59 646.5
59 61 682.0
59 62 418.5
59 63 575.6666666666666
59 66 404.0
59 69 883.0
59 70 308.0
59 71 684.0
59 75 605.0
59 79 558.0
59 97 539.0
59 98 315.0
593 628 482.0
6 10 534.9727970286684
6 102 352.0
6 106 251.0
6 11 508.7055028677076
6 113 307.0
6 118 563.0
6 12 503.05261110254503
6 120 333.0
6 13 484.0080607793616
6 14 535.1949996781392
6 140 824.0
6 145 209.0
6 15 526.9761292390347
6 155 450.0
6 16 505.70950298843815
6 17 549.5548611111111
6 170 374.0
6 171 323.0
6 18 530.605950670498
6 19 492.10541125541124
6 20 542.8525835866262
6 21 503.92999999999995
6 211 635.0
6 22 534.3159722222222
6 23 501.1955782312926
6 24 588.2897286821706
6 246 485.0
6 25 559.0571428571428
6 26 507.14583333333337
6 27 543.8418803418803
6 28 515.8618421052631
6 288 354.0
6 29 543.9705882352941
6 30 453.5
6 31 488.1180555555555
6 32 492.04761904761904
6 33 549.3888888888889
6 34 514.9824561403508
6 35 448.71875
6 36 417.0625
6 37 562.28125
6 374 292.0
6 38 458.5416666666667
6 39 425.4166666666667
6 40 288.0
6 41 449.27272727272725
6 42 522.0714285714286
6 43 475.25
6 44 443.5
6 45 619.6666666666666
6 46 568.4444444444445
6 47 562.6666666666666
6 48 510.6666666666667
6 49 359.2857142857143
6 50 319.1666666666667
6 51 378.0
6 52 493.0
6 53 489.3333333333333
6 54 362.4
6 55 283.0
6 56 333.5
6 57 436.0
6 59 326.5
6 6 559.6963141156057
6 60 294.5
6 61 446.0
6 62 778.0
6 63 516.5
6 65 440.0
6 66 757.0
6 67 473.5
6 68 378.75
6 7 459.6369325085701
6 70 476.0
6 72 616.8
6 74 675.0
6 76 639.0
6 79 822.0
6 8 567.7965963778299
6 82 422.5
6 83 555.2
6 88 705.0
6 9 610.948689539538
6 90 723.0
6 91 306.0
6 95 484.0
6 97 309.0
6 98 221.0
60 153 506.0
60 60 766.6666666666666
60 61 512.5714285714286
60 62 834.6666666666666
60 63 681.5
60 64 566.3333333333334
60 65 712.0
60 71 453.0
60 73 546.0
60 75 207.0
60 81 834.0
60 94 376.0
609 671 664.0
61 118 469.0
61 61 691.0
61 62 531.0
61 63 492.0
61 64 283.0
61 65 855.0
61 66 739.75
61 67 569.5
61 70 384.0
61 72 823.0
61 77 581.0
61 82 688.0
61 84 345.0
61 86 663.0
62 63 655.0
62 64 748.0
62 66 713.0
62 67 510.0
62 68 766.0
62 69 886.0
62 70 590.0
62 72 808.5
62 75 656.0
62 76 579.3333333333334
62 77 474.8
62 78 612.0
62 85 241.0
62 97 664.0
63 63 593.4
63 64 631.0
63 65 622.3333333333334
63 66 614.4
63 68 522.6666666666666
63 71 353.0
63 72 561.0
63 74 461.5
63 76 714.0
63 81 739.0
63 84 865.0
64 104 285.0
64 64 584.0
64 65 545.0
64 66 648.0
64 67 630.0
64 69 578.0
64 72 783.0
64 75 581.0
64 78 668.0
64 81 574.0
64 86 824.0
65 108 215.0
65 346 715.0
65 65 618.0
65 66 865.0
65 67 758.6666666666666
65 68 385.0
65 69 554.0
65 70 585.6666666666666
65 71 398.0
65 74 861.0
65 75 653.0
65 78 665.0
65 82 769.0
66 66 416.0
66 67 687.0
66 68 307.0
66 69 716.2
66 70 542.6666666666666
66 73 878.0
66 75 695.0
66 78 387.0
66 80 619.0
66 84 467.0
66 94 718.0
67 104 325.0
67 67 870.0
67 68 532.0
67 69 822.0
67 70 673.6666666666666
67 71 710.0
67 72 788.5
67 75 711.0
67 77 759.0
67 78 422.0
67 87 583.0
67 93 259.0
68 68 709.0
68 70 652.0
68 71 821.0
68 72 872.0
68 73 685.0
68 75 654.0
68 78 728.0
68 79 763.0
68 80 890.0
68 81 460.0
68 93 763.0
69 69 606.0
69 70 488.6666666666667
69 72 745.0
69 74 606.0
69 75 565.0
69 76 661.0
69 77 701.0
69 79 611.0
69 85 578.0
69 86 888.0
69 88 656.0
7 10 539.585859357637
7 100 526.1666666666666
7 106 729.0
7 108 275.0
7 109 378.0
7 11 458.12799441595064
7 112 604.0
7 12 495.43694834379005
7 125 505.0
7 13 497.0087573099415
7 131 260.0
7 14 490.45530714600653
7 15 532.0533899239231
7 155 284.0
7 157 212.0
7 16 535.4788732394366
7 17 507.01611682808715
7 18 531.6523208170254
7 19 531.6141975308642
7 20 527.2652777777778
7 21 549.9008152173913
7 22 495.7202380952381
7 23 534.1788194444445
7 24 567.2608695652174
7 25 525.0833333333334
7 26 510.962962962963
7 27 478.883064516129
7 28 488.1081081081081
7 29 528.375
7 30 470.5238095238095
7 31 396.22222222222223
7 32 522.3362068965517
7 33 414.0
7 34 449.8
7 35 562.0
7 36 601.2857142857143
7 37 501.3
7 38 447.3
7 39 601.0555555555555
7 40 850.0
7 41 564.4444444444445
7 42 425.55555555555554
7 43 604.6875
7 44 503.4166666666667
7 45 432.3076923076923
7 46 368.8
7 47 431.0
7 48 656.1666666666666
7 49 461.9375
7 50 455.375
7 51 598.25
7 52 469.0
7 53 499.0
7 54 541.1666666666666
7 55 371.55555555555554
7 58 437.5
7 60 392.0
7 61 494.3333333333333
7 62 776.0
7 63 479.5
7 65 421.0
7 66 251.0
7 67 423.5
7 68 376.6666666666667
7 69 614.0
7 7 528.7052514574233
7 71 510.5
7 74 337.2
7 76 486.6666666666667
7 77 520.6
7 78 411.0
7 8 657.8247396767408
7 80 201.0
7 85 888.0
7 9 516.9682503632928
7 90 826.0
7 92 512.0
7 97 852.0
70 70 405.0
70 71 309.25
70 72 828.5
70 74 606.3333333333334
70 77 478.5
70 80 819.0
70 81 743.0
70 82 304.0
70 88 273.0
70 98 473.75
71 100 693.0
71 110 788.0
71 111 507.0
71 71 561.0
71 73 508.3333333333333
71 74 511.0
71 75 435.0
71 76 472.5
71 79 490.0
71 80 741.0
71 81 560.0
71 97 696.0
72 101 830.0
72 73 734.5
72 74 662.25
72 75 440.0
72 76 467.0
72 77 840.0
72 80 708.0
72 82 796.0
72 87 701.0
72 90 462.0
72 93 414.0
73 73 380.0
73 74 641.0
73 76 726.0
73 77 671.0
73 78 650.25
73 79 592.0
73 80 701.0
73 81 596.0
73 82 317.0
73 85 364.0
73 89 802.0
73 90 772.0
74 116 529.0
74 74 844.0
74 75 255.0
74 78 406.5
74 79 569.0
74 86 691.0
75 102 684.0
75 117 342.0
75 128 677.0
75 75 737.0
75 77 690.0
75 78 447.0
75 79 553.0
75 81 407.0
75 90 448.0
76 78 529.0
76 80 840.8
76 85 494.0
76 86 814.0
76 89 810.0
76 90 291.0
77 78 626.0
77 79 633.5
77 80 626.3333333333334
77 81 768.3333333333334
77 83 882.0
77 86 434.0
77 89 795.0
77 91 543.0
78 108 707.0
78 79 736.5
78 80 692.5
78 81 334.0
78 82 688.0
78 87 616.3333333333334
78 90 771.0
78 96 417.0
79 121 268.0
79 80 822.5
79 82 712.6666666666666
79 83 595.0
79 86 833.0
79 89 462.0
79 91 430.0
79 93 872.0
8 10 510.44015793476683
8 100 356.0
8 101 642.0
8 103 773.0
8 105 611.0
8 11 465.92018952528394
8 119 393.0
8 12 504.2407979226054
8 13 485.2157880852146
8 130 582.0
8 137 792.0
8 14 566.3789421695401
8 15 510.1049696180556
8 16 497.8843677662037
8 17 528.8550653594771
8 18 556.9148936170211
8 19 529.1560876623377
8 20 546.6950854700855
8 21 539.6939393939393
8 22 546.2857142857143
8 23 443.777304964539
8 24 535.4817073170732
8 25 528.5871212121212
8 251 309.0
8 26 553.8627450980393
8 27 532.6770833333334
8 28 535.5583333333333
8 29 487.69565217391306
8 30 543.5531400966183
8 31 537.745
8 32 540.1904761904761
8 33 531.0
8 34 527.1875
8 35 453.1136363636364
8 36 473.84615384615387
8 37 492.8235294117647
8 38 558.1176470588235
8 39 597.3333333333334
8 40 382.73148148148147
8 41 478.7916666666667
8 42 501.55
8 43 468.2142857142857
8 44 657.8
8 45 695.6666666666666
8 46 519.0
8 47 703.3333333333334
8 48 415.0
8 49 451.9166666666667
8 50 415.9
8 51 543.0625
8 52 653.4
8 53 447.0
8 54 500.0
8 55 578.4285714285714
8 56 582.0
8 57 577.25
8 58 468.75
8 59 474.5
8 60 434.0
8 61 566.6666666666666
8 62 381.77777777777777
8 63 297.0
8 65 567.5
8 66 712.0
8 68 349.0
8 69 461.6666666666667
8 70 406.5
8 71 267.3333333333333
8 73 636.0
8 76 399.5
8 77 670.0
8 78 678.0
8 8 510.9292115959246
8 80 686.0
8 81 760.0
8 83 669.5
8 84 516.0
8 85 383.0
8 86 869.0
8 9 529.598071072339
8 92 384.0
8 95 435.3333333333333
8 96 686.0
8 97 347.0
8 98 566.0
80 100 742.0
80 122 560.0
80 83 453.0
80 84 526.0
80 85 297.0
80 88 420.0
80 98 244.0
81 81 796.0
81 83 768.0
81 84 603.6666666666666
81 87 747.0
81 97 737.0
82 100 852.0
82 112 684.0
82 84 631.0
82 85 415.0
82 86 759.0
82 88 402.0
82 90 857.0
82 91 652.0
82 92 450.0
83 127 227.0
83 83 710.0
83 86 841.0
83 90 346.0
83 97 679.0
83 98 798.0
84 109 305.0
84 110 846.0
84 165 689.0
84 84 896.0
84 86 477.0
84 87 850.6666666666666
84 88 760.0
84 94 258.0
85 125 496.0
85 86 753.0
85 87 703.0
85 88 593.0
85 90 400.0
85 93 410.0
86 118 488.0
86 88 629.3333333333334
86 90 517.0
86 91 564.0
86 96 872.0
86 97 438.0
87 119 247.0
87 131 798.0
87 137 593.0
87 89 462.0
87 90 416.0
87 93 298.0
88 107 850.0
88 110 796.0
88 137 227.0
88 138 677.0
88 88 373.0
88 95 786.0
89 110 563.0
89 112 702.0
89 119 694.0
89 90 578.0
89 92 400.0
89 95 546.0
89 98 421.0
9 10 502.80516337365987
9 103 520.0
9 11 607.7978127839292
9 110 451.0
9 112 770.0
9 117 686.0
9 118 334.0
9 12 568.2728465832118
9 121 200.0
9 123 561.0
9 13 529.9472338813111
9 14 555.2256566629293
9 141 217.0
9 144 544.0
9 15 615.9036570859054
9 16 530.9842728758169
9 17 536.1978410008071
9 18 477.32304894179896
9 19 502.20092592592584
9 20 546.7316666666667
9 207 869.0
9 21 540.9920634920634
9 22 517.7214285714285
9 23 458.3320158102767
9 238 552.0
9 24 549.0714285714286
9 25 576.0989417989418
9 26 478.280303030303
9 27 532.9343434343435
9 28 479.2
9 29 560.2105263157895
9 30 550.8260869565217
9 31 547.2426470588235
9 32 576.0384615384615
9 33 468.3125
9 34 434.89285714285717
9 35 610.8333333333334
9 36 692.4444444444445
9 37 454.69047619047615
9 38 522.1111111111111
9 39 471.5
9 40 492.6666666666667
9 41 504.7575757575758
9 42 393.3333333333333
9 43 424.2888888888889
9 44 552.7142857142857
9 45 468.27272727272725
9 46 533.75
9 47 665.6666666666666
9 48 480.6666666666667
9 49 511.7
9 50 419.0
9 51 579.8
9 52 411.0
9 53 388.6
9 55 525.9375
9 56 646.7857142857143
9 57 439.3333333333333
9 58 383.6
9 60 385.6666666666667
9 62 309.3333333333333
9 63 341.0
9 64 560.625
9 65 264.0
9 67 513.3333333333334
9 68 462.3636363636364
9 69 363.0
9 71 549.0
9 72 794.0
9 74 299.0
9 78 749.8
9 79 315.0
9 80 359.0
9 82 565.0
9 84 308.0
9 85 718.0
9 87 203.0
9 89 431.0
9 9 540.2407449593267
9 90 745.3333333333334
9 91 417.0
9 93 405.0
9 97 208.0
90 111 619.0
90 114 407.0
90 94 472.5
90 95 768.6666666666666
90 96 546.0
91 102 342.0
91 106 682.0
91 123 466.0
91 137 449.0
91 91 792.0
91 97 757.0
92 103 688.0
92 95 698.0
92 99 810.0
93 100 263.0
93 103 526.0
93 104 627.0
93 110 517.0
93 124 408.0
93 129 429.0
93 142 425.0
93 94 559.0
93 96 768.0
94 107 546.0
94 115 662.0
94 116 552.0
94 144 676.0
94 94 397.0
94 97 561.6666666666666
94 99 878.0
95 104 797.0
95 145 260.0
95 95 613.0
96 100 857.0
96 101 479.0
96 104 363.0
96 107 865.0
96 115 726.0
96 134 379.0
96 141 361.0
96 154 345.0
96 97 383.0
96 99 204.0
97 101 562.0
97 105 359.0
97 114 792.0
97 97 582.0
97 99 475.0
98 101 788.0
98 104 573.0
98 110 762.0
98 123 543.0
99 103 591.0
99 104 624.0
99 111 695.0
