5.12076383191
5.40575824674
4.8218253805
3.93347457374
4.22952584682
4.21966296706
7.86694914747
5.1854497287
6.37704215657
5.12076383191
6.30916441025
5.81425451417
3.33749739908
4.11298755975
4.7842333648
3.97562014729
4.69041575982
3.81517438075
6.65832811848
4.87909372277
5.41602560309
5.0
6.677075208
4.7842333648
3.7859388972
5.72761342581
9.1043335225
7.67571929311
7.00991361494
7.78174501995
7.68114574787
5.43905629069
6.5
5.62731433871
6.36832439151
5.9907335852
6.13052471925
6.0207972894
6.54259547546
5.27309733985
6.67499479817
9.1833182093
9.05538513814
4.63381292482
6.92017983068
5.07991688471
7.88810637747
6.62486897145
6.37704215657
5.61743318212
7.15114598431
7.47031161034
9.11805291106
7.77638876486
7.25718035236
7.84573486396
7.33522702822
6.74330944138
8.95823643358
7.15114598431
7.18021974285
8.91939210684
6.2449979984
7.27438428093
8.1325819325
7.76208734813
10.3225750448
5.85946527708
8.52447456836
8.01387685345
9.9777530314
9.06305074955
7.63216876124
8.31998931623
6.87184270936
8.98919104011
10.3989849932
8.59748025102
6.49786289654
9.11043357914
7.94599829404
8.78287475084
7.84750491133
7.13559154287
6.46572158042
8.70663859107
7.96694560181
6.58280588604
8.11719710792
7.52772652709
10.0401969879
10.3708994574
8.97063109387
9.37638878602
9.46337971105
9.30352382464
8.27479439154
10.3279555899
8.4656167328
8.31998931623
