10.3869576339
14.4385671804
11.3051119214
8.70663859107
7.69559758708
6.78232998313
16.7497927019
11.9918954113
9.37046186458
14.5830952362
10.4562580942
11.4406682012
12.0749971245
10.5790673817
9.65660395791
15.9024805892
13.7921072437
9.77098880473
10.334677332
12.8116700273
11.4987922071
11.0667168674
11.9408263254
13.0256157884
9.94568583189
9.6162478245
12.1335164821
9.55684745789
13.8252988716
11.0754984839
14.1037819987
13.5236418501
14.2565774294
16.9451730262
12.0196598214
12.1883368659
9.99444290038
12.0922380981
16.1322658049
9.58731801218
10.8730042869
15.3776533393
12.7104506433
7.11024300257
15.1520075678
11.7426099692
14.6789721105
16.9410743461
10.9455724179
17.6603762386
14.7948940141
9.92751507456
12.8765506078
11.1355287257
14.079141388
13.7285185735
13.4711626158
9.99583246492
14.8735410115
14.3110291578
13.6585341657
17.5372619173
12.6589889012
15.216949614
16.6874869954
13.1961694779
17.4132771821
15.847362206
17.4523159877
16.9803808359
15.9652400198
17.9667903521
16.2249807396
11.2842072532
14.9155027479
11.3541475535
12.8927197372
12.6677631104
20.2457128521
20.0644793935
16.757253819
18.3007285829
14.0712472795
15.1547572289
15.912957683
13.897441811
17.1342736448
16.4215305823
14.7732867027
14.4077525428
12.9539783679
17.848124707
15.4677082983
13.3759734848
14.3923204831
17.6580167503
17.4419672693
14.1421356237
14.2058282249
15.3015975927
